93, 
104, 
174, 
302, 
322, 
356, 
438, 
489, 
490, 
518, 
546, 
549, 
558, 
635, 
803, 
805, 
819, 
882, 
884, 
954, 
1168, 
1566, 
1567, 
1716, 
1727, 
1777, 
2019, 
2131, 
2372, 
2520, 
2555, 
2595, 
2634, 
2717, 
2819, 
2917, 
2925, 
3272, 
3313, 
3408, 
3483, 
3484, 
3510, 
3549, 
3576, 
3635, 
3636, 
3726, 
3890, 
3912, 
3967, 
4103, 
4210, 
4250, 
4373, 
4524, 
4623, 
4733, 
4870, 
4884, 
4885, 
4917, 
5048, 
5060, 
5257, 
5287, 
5603, 
5641, 
5681, 
5688, 
5753, 
5813, 
5827, 
5927, 
6105, 
6134, 
6300, 
6308, 
6402, 
6547, 
6805, 
6896, 
7005, 
7061, 
7085, 
7125, 
7296, 
7367, 
7370, 
7424, 
7441, 
7485, 
7486, 
7616, 
7617, 
7739, 
8100, 
8132, 
8166, 
8188, 
8197, 
8202, 
8279, 
8309, 
8415, 
8614, 
8746, 
8813, 
8821, 
8826, 
8839, 
8853, 
8879, 
8914, 
9085, 
9211, 
9236, 
9285, 
9341, 
9388, 
9418, 
9503, 
9508, 
9698, 
9740, 
9762, 
9845, 
9862, 
9870, 
9983, 
9993, 
10183, 
10277, 
10289, 
10325, 
10370, 
10374, 
10416, 
10527, 
10567, 
10578, 
10726, 
10748, 
10757, 
10921, 
10964, 
10998, 
11142, 
11452, 
11458, 
11729, 
11742, 
11836, 
11847, 

93, 11452, 
104, 882, 
104, 7441, 
104, 8914, 
104, 11452, 
322, 882, 
322, 7441, 
322, 8100, 
322, 11452, 
438, 7441, 
438, 11452, 
558, 882, 
558, 2131, 
558, 2372, 
558, 3726, 
558, 5060, 
558, 5681, 
558, 5753, 
558, 6402, 
558, 6547, 
558, 7441, 
558, 8100, 
558, 8279, 
558, 8914, 
558, 9388, 
558, 10374, 
558, 10578, 
558, 11452, 
558, 11836, 
635, 9862, 
635, 11452, 
882, 2131, 
882, 2372, 
882, 2717, 
882, 3272, 
882, 3484, 
882, 3576, 
882, 3726, 
882, 4373, 
882, 4884, 
882, 5048, 
882, 5060, 
882, 5681, 
882, 5753, 
882, 6105, 
882, 6402, 
882, 6547, 
882, 6896, 
882, 7441, 
882, 7485, 
882, 7617, 
882, 7739, 
882, 8100, 
882, 8188, 
882, 8197, 
882, 8279, 
882, 8914, 
882, 9285, 
882, 9341, 
882, 9388, 
882, 9862, 
882, 10374, 
882, 10578, 
882, 10748, 
882, 10921, 
882, 10964, 
882, 11452, 
882, 11836, 
882, 11847, 
2019, 11452, 
2131, 5681, 
2131, 6402, 
2131, 6547, 
2131, 7441, 
2131, 8100, 
2131, 8914, 
2131, 10374, 
2131, 11452, 
2131, 11836, 
2372, 3726, 
2372, 5681, 
2372, 5753, 
2372, 6402, 
2372, 6547, 
2372, 7441, 
2372, 8100, 
2372, 8279, 
2372, 8914, 
2372, 9388, 
2372, 10374, 
2372, 10578, 
2372, 10921, 
2372, 11452, 
2372, 11836, 
2717, 7441, 
2717, 8914, 
2717, 11452, 
3272, 5681, 
3272, 6547, 
3272, 7441, 
3272, 10374, 
3272, 10964, 
3272, 11452, 
3483, 7441, 
3483, 11452, 
3484, 7441, 
3484, 8100, 
3484, 10374, 
3484, 11452, 
3576, 6547, 
3576, 7441, 
3576, 11452, 
3726, 5753, 
3726, 6547, 
3726, 7441, 
3726, 8100, 
3726, 8914, 
3726, 10374, 
3726, 11452, 
3726, 11836, 
4373, 7441, 
4373, 11452, 
4524, 7441, 
4524, 11452, 
4884, 6547, 
4884, 7441, 
4884, 8914, 
4884, 11452, 
5048, 5681, 
5048, 6547, 
5048, 7441, 
5048, 8100, 
5048, 8914, 
5048, 10374, 
5048, 11452, 
5060, 5681, 
5060, 6402, 
5060, 6547, 
5060, 7441, 
5060, 8100, 
5060, 8914, 
5060, 10374, 
5060, 11452, 
5681, 5753, 
5681, 6402, 
5681, 6547, 
5681, 6805, 
5681, 7441, 
5681, 8100, 
5681, 8197, 
5681, 8279, 
5681, 8914, 
5681, 9388, 
5681, 10374, 
5681, 10578, 
5681, 10921, 
5681, 10964, 
5681, 11452, 
5681, 11836, 
5688, 7441, 
5688, 11452, 
5753, 6402, 
5753, 6547, 
5753, 7441, 
5753, 8100, 
5753, 8914, 
5753, 10374, 
5753, 11452, 
5827, 7441, 
6105, 7441, 
6105, 10374, 
6105, 10964, 
6105, 11452, 
6134, 11452, 
6402, 6547, 
6402, 7441, 
6402, 8100, 
6402, 8279, 
6402, 8914, 
6402, 10374, 
6402, 10578, 
6402, 10921, 
6402, 11452, 
6402, 11836, 
6547, 7441, 
6547, 7617, 
6547, 8100, 
6547, 8279, 
6547, 8914, 
6547, 9388, 
6547, 9862, 
6547, 10374, 
6547, 10578, 
6547, 10748, 
6547, 10921, 
6547, 10964, 
6547, 11452, 
6547, 11836, 
6547, 11847, 
6805, 7441, 
6805, 11452, 
6896, 7441, 
6896, 8100, 
6896, 11452, 
7061, 7441, 
7061, 8100, 
7061, 11452, 
7441, 7485, 
7441, 7617, 
7441, 8100, 
7441, 8188, 
7441, 8197, 
7441, 8279, 
7441, 8309, 
7441, 8914, 
7441, 9285, 
7441, 9341, 
7441, 9388, 
7441, 9862, 
7441, 9983, 
7441, 10374, 
7441, 10567, 
7441, 10578, 
7441, 10748, 
7441, 10921, 
7441, 10964, 
7441, 11452, 
7441, 11836, 
7441, 11847, 
7485, 7486, 
7485, 11452, 
7617, 11452, 
8100, 8197, 
8100, 8914, 
8100, 9285, 
8100, 9341, 
8100, 9388, 
8100, 9862, 
8100, 10374, 
8100, 10578, 
8100, 10748, 
8100, 10921, 
8100, 11452, 
8100, 11836, 
8100, 11847, 
8188, 11452, 
8197, 11452, 
8279, 8914, 
8279, 10374, 
8279, 10578, 
8279, 11452, 
8279, 11836, 
8309, 11452, 
8914, 9388, 
8914, 10374, 
8914, 10578, 
8914, 10748, 
8914, 10921, 
8914, 11452, 
8914, 11836, 
9285, 10374, 
9285, 11452, 
9341, 11452, 
9388, 10374, 
9388, 11452, 
9418, 10374, 
9862, 11452, 
9983, 11452, 
10374, 10578, 
10374, 10748, 
10374, 10921, 
10374, 11452, 
10374, 11836, 
10416, 11452, 
10567, 11452, 
10578, 11452, 
10578, 11836, 
10748, 11452, 
10921, 11452, 
10964, 11452, 
11452, 11836, 
11452, 11847, 

558, 882, 7441, 
558, 882, 8100, 
558, 7441, 8100, 
558, 882, 11452, 
558, 6547, 11452, 
558, 7441, 11452, 
558, 8100, 11452, 
635, 9862, 11452, 
882, 2372, 7441, 
882, 5681, 7441, 
882, 6402, 7441, 
882, 6547, 7441, 
882, 6547, 8100, 
882, 7441, 8100, 
882, 7441, 8279, 
882, 6547, 8914, 
882, 7441, 8914, 
882, 8100, 8914, 
882, 7441, 10374, 
882, 2372, 11452, 
882, 3726, 11452, 
882, 5681, 11452, 
882, 6402, 11452, 
882, 6547, 11452, 
882, 7441, 11452, 
882, 8100, 11452, 
882, 8279, 11452, 
882, 8914, 11452, 
882, 10374, 11452, 
882, 7441, 11836, 
882, 11452, 11836, 
2131, 7441, 11452, 
2372, 7441, 11452, 
3726, 7441, 11452, 
5681, 6547, 7441, 
5681, 7441, 8100, 
5681, 6547, 11452, 
5681, 7441, 11452, 
5681, 8100, 11452, 
5681, 11452, 11836, 
6402, 7441, 8100, 
6402, 7441, 8914, 
6402, 6547, 11452, 
6402, 7441, 11452, 
6402, 8100, 11452, 
6402, 8914, 11452, 
6547, 7441, 8100, 
6547, 7441, 8914, 
6547, 7441, 10374, 
6547, 7441, 11452, 
6547, 8100, 11452, 
6547, 8914, 11452, 
6547, 10374, 11452, 
6547, 11452, 11836, 
7441, 8100, 8914, 
7441, 8100, 10374, 
7441, 8914, 10374, 
7441, 8100, 11452, 
7441, 8279, 11452, 
7441, 8914, 11452, 
7441, 10374, 11452, 
7441, 10578, 11452, 
7441, 8100, 11836, 
7441, 11452, 11836, 
8100, 8914, 11452, 
8100, 11452, 11836, 

